Testmap
Jiisuki
32
32
3
2
55 55 55 55 55 55 55 55 55 55 55 55 55 55 55 55 55 55 55 55 55 55 55 55 55 55 55 55 55 55 55 55 
55 55 55 55  1  2  2  2  2  2  2  3 55 55  1  2  2  2  2  2  2  2  2  2  2  2  2  2  2  3 55 55 
55 55 55 55  4 43  8 34  8  8 44  5 55 55  4  8  8  8  8 32 33  8  8 34  8 34  8 34 44  5 55 55 
55 55  1  2 12  8  8 35  8  8  8  5 55 55  6  9  9 10  8 11 41 51 39 36  8 36  8 36  8  5 55 55 
55 55  4  8  8  8  8 36  8  8  8  5 55 55 55 55 55  4  8  5 58 16 17 18 18 18 19 20  9  7 55 55 
55 55  6  9  9  9  9  9  9  8  8 13  2  2  2  2  2 12  8 13  2 12  0  0  0  0  0 13  2  2  3 55 
55 55  8  8 34 43  8 34  8  8  8 34  8  8  8 38 37 33  8  8 44 34  0  0  0  0  0 34  8 44  5 55 
55 55  8  8 36  8  8 36  8  8  8 36  8 32 52 46 47 50  8  8  8 36  0  0  0  0  0 36  8  8  5 55 
11  9  9  9  9  9  9  9  9  9  9  9  9  9  9 61 55 58  9 47 47 47 47 47 47 47 47 47 47 47  7 55 
 5 55 55 55  4 43 34  8 34  8 34  8 34  8  8  8  8  8  8  8  8  8  8  8  8  8  8  8  8 44  5 55 
 5 55  1  2 12  8 35  8 35  8 35  8 35  8  8 38 37 33  8  8  8  8  8  8  8  8  8  8  8  8  5 55 
 5 55  4  8  8  8 36  8 36  8 36  8 36 32 52 46 47 41 51 39  8  8  8  8  8  8  8  8  8  8  5 55 
 5 55  6  9  9  9  9  9  9  9  9  9  9  9  9 61 55 58  9  9  9  9  9  9  9  9  9  9  9  9  7 55 
 5  5 55 55 55 55 55 55 55 55 55 55 55 55 55 55 55 55 55 55 55 55 55 55 55 55 55 55 55 55 55 55 
 5  5 55 55 55 55 55 55 55 55 55 55 55 55 55 55 55 55 55 55 55 55 55 55 55 55 55 55 55 55  0  0 
 0  0  0  0  0  0  0  0  0  0  0  0  0  0  0  0  0  0  0  0  0  0  0  0  0  0  0  0  0  0  0  0 
 0  0  0  0  0  0  0  0  0  0  0  0  0  0  0  0  0  0  0  0  0  0  0  0  0  0  0  0  0  0  0  0 
 0  0  0  0  0  0  0  0  0  0  0  0  0  0  0  0  0  0  0  0  0  0  0  0  0  0  0  0  0  0  0  0 
 0  0  0  0  0  0  0  0  0  0  0  0  0  0  0  0  0  0  0  0  0  0  0  0  0  0  0  0  0  0  0  0 
 0  0  0  0  0  0  0  0  0  0  0  0  0  0  0  0  0  0  0  0  0  0  0  0  0  0  0  0  0  0  0  0 
 0  0  0  0  0  0  0  0  0  0  0  0  0  0  0  0  0  0  0  0  0  0  0  0  0  0  0  0  0  0  0  0 
 0  0  0  0  0  0  0  0  0  0  0  0  0  0  0  0  0  0  0  0  0  0  0  0  0  0  0  0  0  0  0  0 
 0  0  0  0  0  0  0  0  0  0  0  0  0  0  0  0  0  0  0  0  0  0  0  0  0  0  0  0  0  0  0  0 
 0  0  0  0  0  0  0  0  0  0  0  0  0  0  0  0  0  0  0  0  0  0  0  0  0  0  0  0  0  0  0  0 
 0  0  0  0  0  0  0  0  0  0  0  0  0  0  0  0  0  0  0  0  0  0  0  0  0  0  0  0  0  0  0  0 
 0  0  0  0  0  0  0  0  0  0  0  0  0  0  0  0  0  0  0  0  0  0  0  0  0  0  0  0  0  0  0  0 
 0  0  0  0  0  0  0  0  0  0  0  0  0  0  0  0  0  0  0  0  0  0  0  0  0  0  0  0  0  0  0  0 
 0  0  0  0  0  0  0  0  0  0  0  0  0  0  0  0  0  0  0  0  0  0  0  0  0  0  0  0  0  0  0  0 
 0  0  0  0  0  0  0  0  0  0  0  0  0  0  0  0  0  0  0  0  0  0  0  0  0  0  0  0  0  0  0  0 
 0  0  0  0  0  0  0  0  0  0  0  0  0  0  0  0  0  0  0  0  0  0  0  0  0  0  0  0  0  0  0  0 
 0  0  0  0  0  0  0  0  0  0  0  0  0  0  0  0  0  0  0  0  0  0  0  0  0  0  0  0  0  0  0  0 
 0  0  0  0  0  0  0  0  0  0  0  0  0  0  0  0  0  0  0  0  0  0  0  0  0  0  0  0  0  0  0  0 
SPAWN
192 224 0 0
