Headquarterins 
Jiisuki
128
64
7
2
 8  8  8  8  8  8  8  8  8  8  8  8  8  8  8  1  2  2  2  2  2  2  2  2  2  2  2  2  2  2  2  2 
 2  2  2  2  2  2  2  2  2  2  2  2  2  2  2  2  2  3  8  8  8  1  2  2  2  2  2  2  2  2  2  2 
 2  2  2  2  2  2  2  2  2  2  2  2  2 49  8  8  8  8  8  1  2  2  2  2  2  2  2  2  2  2  2  2 
 2  3  8  8  1  2  2  2  2  2  2  2  2  2  2  2  2  2  2  2  2  2  2  2  2  2  2  2  2  2  2  3 
 8  8  8  8  8  8  8  8  8  8  8  8  8  8  8  4  0  0  0  0  0  0  0  0  0  0  0  0  0  0  0  0 
 0  0  0  0  0  0  0  0  0  0  0  0  0  0  0  0  0  5  8  8  8  4  0 47  8  8  8  8  8  8  8  8 
 8  8  8  8  8  8  8  8  8  8  8  8  8 48 49  8  8  8  8  4  0  0  0  0  0  0  0  0  0  0  0  0 
 0  5  8  8  4  8  8  8  8  8  8  8  8  8  8  8  8  8  8  8  8  8  8  8  8 46  0  0  0  0  0  5 
 8  8  8  8  1  2  2  2  2  2  2  2  2  2  2 12  0  0  0  0  0  0  0  0  0  0  0  0  0  0  0  0 
 0  0  0  0  0  0  0  0  0  0  0  0  0  0  0  0  0 13  2  2  2 12  0 47  8  8  8  8  8  8  8  8 
 8  8  8  8  8  8  8  8  8  8  8  8  8  8 48 49  8  8  8  4  0  0  0  0  0  0  0  0  0  0  0  0 
 0  5  8  8  4  8  8  8  8  8  8  8  8  8  8  8  8  8  8  8  8  8  8  8  8 46  0  0  0  0  0  5 
 8  8  8  8  4  8  8  8  8  8  8  8  8  8  8 46  0  0  0  0  0  0  0  0  0  0  0  0  0  0  0  0 
 0  0  0  0  0  0  0  0  0  0  0  0  0  0  0  0  0  0  0  0  0  0  0 47  8  8  8  8  8  8  8  8 
 8  8  8  8  8  8  8  8  8  8  8  8  8  8  8 48  2  2  2 12  0  0  0  0  0  0  0  0  0  0  0  0 
 0  5  8  8  4  8  8  8  8  8  8  8  8  8  8  8  8  8  8  8  8  8  8  8  8 46  0  0  0 11  9  7 
 8  8  8  8  4  8  8  8  8  8  8  8  8  8  8 46  0  0  0  0  0  0  0  0  0  0  0  0  0  0 38  9 
 9  9  9  9 39  0  0  0  0  0  0 38  9  9 39  0  0  0  0  0  0  0  0 47  8  8  8 11  9  9  9  9 
 9  9  9 10  8  8  8  8  8  8  8  8  8  8  8  8  8  8 46  0  0  0  0  0  0  0  0  0  0  0  0  0 
 0  5  8  8  4  8  8  8  8  8  8  8  8  8 11  9  9  9 10 60 61 62 11  9  9 10  0  0  0 13  2  3 
 8  8  8  8  4  8  8  8  8  8  8  8  8  8  8 46  0  0  0  0  0  0  0  0  0  0  0  0  0  0  0 47 
 8 32  8 46  0  0  0  0  0  0  0 47  8  8 46  0  0  0  0  0  0  0  0 47  8  8  8  5  1  2  2  2 
 2  2  3  4  8  8 11  9  9  9  9 41  8  8  8  8  8  8 46  0  0  0  0  0  0  0  0  0  0  0  0  0 
 0  5  8  8  4  8  8  8  8  8  8  8  8  8  5  8  8  8  4 60 61 62  5  8  8  4  0  0  0  0  0  5 
 8  8  8  8  4  8  8  8  8  8  8  8  8  8  8 46  0  0  0  0  0  0  0  0  0  0  0  0  0  0  0 47 
 8 33  8 46  0  0  0  0  0  0  0 47  8  8 46  0  0  0  0  0  0  0  0 47  8  8  8  5  4 56 57 58 
58 59 13 12  8  8  5  8  8  8  8 42 41  8  8  8  8  8 46  0  0  0  0  0  0  0  0  0  0  0  0  0 
 0  5  8  8  4  8  8  8  8  8  8  8  8  8  5  8  8  8  4 60 61 62  5  8  8  4  0  0  0  0  0  5 
 8  8  8  8  4  8  8 11  9 41  8  8  8  8  8 46  0  0  0  0  0  0  0  0  0  0  0  0  0  0  0 47 
 8 33  8 46  0  0  0  0  0  0  0 47  8  8 46  0  0  0  0  0  0  0  0 47  8  8  8  5  4  8  8  8 
 8  8  8  8  8  8  5  8  8  8  8  8 42 41  8  8  8  8 46  0  0  0  0  0  0  0  0  0  0  0  0  0 
 0  5  8  8  4  8  8  8  8  8  8  8  8  8  5  8  8  8  4 60 61 62  5  8  8  4  0  0  0  0  0  5 
 8  8  8  8  4  8  8  5  8 42 41  8  8  8  8 46  0  0  0  0  0  0  0  0  0  0  0  0  0  0  0 47 
 8 33  8 46  0  0  0  0  0  0  0 11  9  9  9  9 10  0  0  0  0  0  0 47  8  8  8  5  4  8  8  8 
 8  8  8  8  8  8  5  8  8  8  8  8  8 42  9  9  9  9  9 10  0  0  0  0  0  0  0  0  0  0  0  0 
 0 13  2  2 12  8  8  8  8  8  8  8  8  8  5  8  8  8  4 60 61 62  5  8  8  4  0  0  0  0  0  5 
 8  8  8  8  4  8  8  5  8  8 42 41  8  8  8 46  0  0  0  0  0  0  0  0  0  0  0  0  0  0  0 47 
 8 33  8 46  0  0  0  0  0  0  0  5  8  8  8  8  4  0  0  0  0  0  0 11  9  9  9  7  4  8  8  8 
 8  8  8  8  8  8  5  8  8  8  8  8  8  8  8  8  8  8  8  4  0  0  0  0  0  0  0  0  0  0  0  0 
 0  0 47  8  8  8  8  8  8  8  8  8  8  8  5  8  8  8  4 35  0 37  5  8  8  4  0  0  0  0  0  5 
 8  8  8  8  4  8  8  5  8  8  8 42 41  8  8 46 35  0 37  0  0  0  0  0  0  0  0  0  0  0  0 47 
 8 34  8 46 45  9  9 10  0  0  0  5  8  8  8  8  4  0  0  0  0  0  0  5  8  8  8  8  4  8  8  8 
 8  8  8  8  8  8  5  8  8  8  8  8  8  8  8  8  8  8  8  4  0  0  0  0  0 38  9 39  0  0  0  0 
 0  0 47  8  8  8  8  8  8  8  8  8  8  8  5  8  8  8  6 14 36 15  7  8  8  4  0  0  0  0  0  5 
 8  8  8  8  4  8  8  5  8  8  8  8 42  9  9  9 14 36 15  9 16 28 29  0  0  0  0  0  0  0 11  9 
 9  9  9  9 43  8  8  4  0  0  0  5  8  8  8  8  4  0  0  0  0  0  0  5  8  8  8  8  4  8  8  8 
 8  8  8  8  8  8  5  8  8  8  8  8  8  8  8  8  8  8  8  4  0  0  0  0  0  0  0  0  0  0  0  0 
 0  0 47  8  8  8  8  8  8  8  8  8  8  8  5  8  8  8  8  4 36  5  8  8  8  4  0  0  0  0  0  5 
 8  8  8  8  4  8  8 13  2  2  2  2  2  2  2  3  6  9  7  8  4  0  0  0  0  0  0  0  0  0  5  8 
 8  8  8  8  8  8  8  4  0  0  0  5  8  8  8 50 51  0  0  0  0  0  0  5  8  8  8  8  4  8 35  8 
37  8  8  8  8  8  5  8  8  1  2  2  2  2  2  2  2  2  2 12  0  0  0  0  0  0  0  0  0  0  0  0 
 0 11  9  9 10  8  8 11  9  9 10  8  8  8  5  8  8  8  8  4 36  5  8  8  8  4  0  0  0  0  0  5 
 8  8  8  8  4  8  8  8  8  8  8  8  8  8  8  5  8  8  8  8  4  0  0  0  0  0  0  0  0  0  5  8 
 8  8  8  8  8  8  8  4  0  0  0 13  2  2  2 51  0  0  0 11  9  9  9  7  8  8  8  8  6  9 14 36 
15  9  9  9  9  9  7  8  8  4  0  0  0  0  0  0  0  0  0  0  0  0  0  0  0  0  0  0  0  0  0  0 
 0  5  8  8  4  8  8  5  8  8  4  8  8  8  5  8  8  8  8  6  9  7  8  8  8  4  0  0  0  0  0  5 
 8  8  8  8  4  8  8  8  8  8  8  8  8  8  8  5  8  8  8  8  4  0  0  0  0  0  0  0  0  0  5  8 
 8  1  2  2  2  2  2 12  0  0  0  0  0  0  0  0  0  0  0  5  8  8  8  8  8  8  8  8  8  8  6  9 
 7  8  8  8  8  8  8  8  8  4  8  8  8  8  8  8  8  8  8  0  0  0  0  0  0  0  0  0  0  0  0  0 
 0  5  8  8  4  8  8  5  8  8  4  8  8  8 13  2  2  2  2  2  2  2  2  2  2 12  0  0  0  0  0  5 
 8  8  8  8  4  8  8 11  9  9  9  9  9  9  9  7  8  8  8  8  4  0  0  0  0  0  0  0  0  0  5  8 
 8  4  0  0  0  0  0  0  0  0  0  0  0  0  0  0  0  0  0 13  2  2  2  2  2  2  2  2  2  2  2  2 
 2  2  2  2  2  2  2  2  2 12  0  0  0  0  0  0  0  0  0  0  0  0  0  0  0  0  0  0  0  0  0  0 
 0  5  8  8  4  8  8  5  8  8  4  8  8  8  8 46  0  0  0  0  0  0  0  0  0  0  0  0  0  0  0  5 
 8  8  8  8  4  8  8  5  8  8  8  8  8  8  8  8  8  8  8  8  4  0  0  0  0  0  0  0  0  0 13  2 
 3  4  0  0  0  0  0  0  0  0  0  0  0  0  0  0  0  0  0  0  0  0  0  0  0  0  0  0  0  0  0  0 
 0  0  0  0  0  0  0  0  0  0  0  0  0 11  9  9  9  9  9 10  0  0 11  9  9  9 10  0  0  0  0  0 
 0  5  8  8  4  8  8 13  2  2 12  8  8  8  8 46  0  0  0  0  0  0  0  0  0  0  0  0  0  0  0  5 
 8  8  8  8  4  8  8  5  1  2  2  2  2  2  2  2  2  2  2  2 12  0  0  0  0  0  0  0  0  0  0  0 
 5  4  0  0  0  0  0  0  0  0  0  0  0  0  0  0  0  0  0  0  0  0  0  0  0  0  0  0  0  0  0  0 
 0  0  0  0  0  0  0  0  0  0  0  0  0  5  8  8  8  8  8  4  0  0  5  8  8  8  4  0  0  0  0  0 
 0  5  8  8  4  8  8  8  8  8  8  8  8 11  9  9 10  0  0 11  9  9  9  9 10  0  0  0 11  9  9  7 
 8  8  8  8  4  8  8  5  4  8  8  8  8  8  8  8  8 46  0  0  0  0  0  0  0  0  0  0  0  0  0  0 
 5  4  0  0  0  0  0  0 35  0 37  0  0  0  0  0  0  0  0  0  0  0  0  0  0  0  0  0  0  0  0  0 
 0  0  0  0  0  8  8  0  0  0  0  0  0  5  8  8  8  8  8  4  0  0  5  8  8  8  4  0  0  0  0  0 
 0  5  8  8  4  8  8  8  8  8  8  8  8  5  8  8  4  0  0  5  8  8  8  8  4  0  0  0  5  8  8  8 
 8  8  8  8  4  8  8 13 12  8  8  8  8  8  8  8  8 46  0  0  0  0  0  0  0  0  0  0  0  0  0  0 
 5  4  0  0 11  9  9  9 14 36 15  9  9  9  9  9  9  9  9  9 10  0  0  0  0 11  9  9  9  9  9  9 
 9  9  9  9  9  9 10  0  0  0  0  0  0  5  8  8  8  8  8  4  0  0  5  8  8  8  4  0  0  0  0  0 
 0  5  8  8  4  8  8 11  9  9  9  9  9  7  8  8  4  0  0  5  8  8  8  8  4  0  0  0  5  8  8  8 
 8  8  8  8  4  8  8  8  8  8  8 11  9  9  9  9  9 10  0  0  0  0  0  0  0  0  0  0  0  0  0  0 
 5  4  0  0  5  8  8  8  6  9  7  8  8  8  8  8  8  8  8  8  4  0  0  0  0  5  8  8  8  8  8  8 
 8  8  8  8  8  8  4  0  0  0  0  0  0  5  8  8  8  8  8  4  0  0  5  8  8  8  4  0  0  0  0  0 
 0  5  8  8  4  8  8  5  8  8  8  8  8  8  8  8  4  0  0  5  8  8  8  8  4  0  0  0  5  8  8  8 
 8  8  8  8  4  8  8  8  8  8  8  5  8  8  8  8  8  4  0  0  0  0  0  0  0  0  0  0  0  0  0  0 
 5  4  0  0  5  8  8  8  8  8  8  8  8  8  8  8  8  8  8  8  4  0  0  0  0  5  8  8  8  8  8  8 
 8  8  8  8  8  8  4  0  0  0  0  0  0  5  8  8  8  8  8  4  0  0  5  8  8  8  4  0  0  0  0  0 
 0  5  8  8  4  8  8  5  8  8  8  8  8  8  8  8  4  0  0  5  8  8  8  8  4  0  0  0  5  8  8  8 
 8  8  8  8  6  9  9  9 10  8  8  5  8  8  8  8  8  4  0  0  0  0  0  0  0  0  0  0  0  0  0  0 
 5  4  0  0  5  8  8  8  8  8  8  8  8  8  8  8  8  8  8  8  4  0  0  0  0  5  8  8  8  8  8  8 
 8  1  2  2  2  2 12  0  0  0  0  0  0 13  2  2  2  2  2 12  0  0 13  2  2  2 12  0  0  0  0  0 
 0 13  2  2 12  8  8 13  2  2  2  2  2  2  2  2 12  0  0 13  2  2  2  2 12  0  0  0 13  2  2  3 
 8  8  8  8  8  8  8  8  4  8  8  5  8  8  8  8  8  4  0  0  0  0  0  0  0  0  0  0  0  0  0  0 
 5  4  0  0  5  8  8  8  1  2  2  2  2  2  2  2  2  2  2  2 12  0  0  0  0  5  8  8  8  8  8  8 
 8  4  0  0  0  0  0  0  0  0  0  0  0  0  0  0  0  0  0  0  0  0  0  0  0  0  0  0  0  0  0  0 
 0  0 47  8  8  8  8  8  8  8  8 46  0  0  0  0  0  0  0  0  0  0  0  0  0  0  0  0  0  0  0  5 
 1  2  2  2  2  2  2  2 12  8  8 13  2  2  2  2  2 12  0  0  0  0  0  0  0  0  0  0  0  0  0  0 
 5  4  0  0  5  8  8  8  4  0  0  0  0  0  0  0  0  0  0  0  0  0  0  0  0  5  8  1  2  2  2  2 
 2 12  0  0  0  0  0  0  0  0  0  0  0  0  0  0  0  0  0  0  0  0  0  0  0  0  0  0  0  0  0  0 
 0  0 47  8  8  8  8  8  8  8  8 46  0  0  0  0  0  0  0  0  0  0  0  0  0  0  0  0  0  0  0  5 
 4  8  8  8  8  8  8  8  8  8  8  8  8  8  8  8  8 46  0  0  0  0  0  0  0  0  0  0  0  0  0  0 
 5  4  0  0  5  8  8  8  4  0  0  0  0  0  0  0  0  0  0  0  0  0  0  0  0  5  8  4  0  0  0  0 
 0  0  0  0 11  9 10  0  0  0  0  0 11  9  9 10  0  0 38  9  9  9 39  0  0  0  0  0  0  0  0  0 
 0 11  9  9 10  8  8 11  9  9  9  9 16 21 22 22 22 22 22 22 22 22 22 22 22 23 20  9 10  0  0  5 
 4  8  8  8  8  8  8  8  8  8  8  8  8  8  8  8  8 46  0  0  0  0  0  0  0  0  0  0  0  0  0  0 
 5  4  0  0  5  8  8  8  4  0  0  0  0  0  0  0  0  0  0  0  0  0  0  0  0  5  8  4  0  0  0  0 
 0  0  0  0  5  8  4  0  0  0  0  0  5  8  8  4  0  0 47  8 32  8 46  0  0  0  0  0  0  0  0  0 
 0  5  8  8  4  8  8  5  8  8  8  8  4  8  8  8  8  8  8  8  8  8  8  8  8  8  5  8  4  0  0  5 
 4  8  8 11  9  9  9  9 10  8  8 11  9  9  9  9  9 10  0  0  0  0  0  0  0 38  9 39  0  0  0  0 
 5  4  0  0  5  8  8  8  4  0  0  0  0  0  0  0  0  0  0  0  0  0  0  0  0  5  8  4  0  0 11  9 
 9  9  9  9  7  8  4  0  0  0  0  0  5  8  8  4  0  0 47  8 33  8 46  0  0  0  0  0  0  0  0  0 
 0  5  8  8  4  8  8  5  8  8  8  8  4  8  8  8  8  8  8  8  8  8  8  8  8  8  5  8  4  0  0  5 
 4  8  8  5  8  8  8  8  4  8  8  5  8  8  8  8  8  4  0  0  0  0  0  0  0  0  0  0  0  0  0  0 
 5  4  0  0  5  8  8  8  4  0  0  0  0  0 11  9  9  9  9  9 10  0  0  0  0  5  8  4  0  0  5  8 
 8  8  8  8  8  8  4  0  0  0  0  0  5  8  8  4  0  0 47  8 33  8 46  0  0  0  0  0  0  0  0  0 
 0  5  8  8  4  8  8  5  8  8  8  8  4  8  8  8  8 11  9  9  9 10  8  8  8  8 13  2 12  0  0  5 
 4  8  8  5  8  8  8  8  4  8  8  5  8  8  8  8  8  4  0  0  0  0  0  0  0  0  0  0  0  0  0  0 
13 12  0  0 13  2  2  2 12  0  0  0  0  0  5  1  2  2  2  2 12  0  0  0  0  5  8  4  0  0 13  2 
 2  3  8  8  8  8  4  0  0  0  0  0  5  8  8  4  0  0 47  8 34  8 46  0  0  0  0  0  0  0  0  0 
 0  5  8  8  4  8  8 13  2  3  8  8  4  8  8  8  8  5  8  8  8  4  8  8  8  8  8  8 46  0  0  5 
 4  8  8  5  8  8  8  8  4  8  8  5  8  8  8  8  8  4  0  0  0  0  0  0  0  0  0  0  0  0  0  0 
 0  0  0  0  0  0  0  0  0  0  0  0  0  0  5  4  0  0  0  0  0  0  0  0  0  5  8  4  0  0  0  0 
 0  5  8  8  8  8  4  0  0  0  0  0  5  8  8  4  0  0 38  9  9  9 39  0  0  0  0  0  0  0  0  0 
 0  5  8  8  4  8  8  8  8  5  8  8  4 55 55 55 55  5  8  8  8  4  8  8  8  8  8  8 46  0  0  5 
 4  8  8  5  8  8  8  8  4  8  8 13  2  2  2  2  2 12  0  0  0  0  0  0  0  0  0  0  0  0  0  0 
 0  0  0  0  0  0  0  0  0  0  0  0  0  0  5  4  0  0  0  0  0  0  0  0  0  5  8  4  0  0  0  0 
 0  5  8  8  8  8  4  0  0  0  0  0  5  8  8  4  0  0  0  0  0  0  0  0  0  0  0  0 35  0 37  0 
 0  5  8  8  4  8  8  8  8  5  8  8  6  9  9  9  9  7  8  8  8  6  9  9  9  9  9  9 10  0  0  5 
 4  8  8  5  8  8  8  8  4  8  8  8  8  8  8  8  8 46  0  0  0  0  0  0  0  0  0  0  0  0  0  0 
 0  0  0  0  0  0  0  0  0  0  0  0  0  0  5  4  0  0  0  0  0  0  0  0  0  5  8  4  0  0  0  0 
 0  5  8  8  8  8  4  0  0  0  0  0  5  8  8  4  0  0  0  0  0  0  0  0  0  0 11  9 14 36 15  9 
 9  7  8  8  4  8  8  8  8  5  8  8  8  8  8  8  8  8  8  8  8  8  8  8  8  8  8  8  4  0  0  5 
 4  8  8  5  8  8  8  8  4  8  8  8  8  8  8  8  8 46  0  0  0  0  0  0  0  0  0  0  0  0  0  0 
11 10  0  0 11  9  9  9  9  9  9  9  9  9  7  4  0  0  0  0  0  0  0  0  0  5  8  6  9  9  9 10 
 0  5  8  8  8  8  4  0  0  0  0  0  5  8  8  4  0  0  0  0  0  0  0  0  0  0  5  8  6  9  7  8 
 8  8  8  8  4  8  8  8  8  5  8  8  1  2  2  2  2  2  2  2  2  2  2  2  2  2  2  2 12  0  0  5 
 4  8  8  5  8  8  8  8  6  9  9  9  9  9  9  9  9 10  0  0  0  0  0  0  0  0  0  0  0  0  0  0 
 5  4  0  0  5  8  8  8  8  8  8  8  8  8  8  4  0  0  0  0  0  0  0  0  0  5  8  8  8  8  8  4 
 0  5  8  8  8  8  4  0  0  0  0  0  5  8  8  4  0  0  0  0  0  0  0  0  0  0  5  8  8  8  8  8 
 8  8  8  8  4  8  8  8  8  5  8  8  4  0  0  0  0  0  0  0  0  0  0  0  0  0  0  0  0  0  0  5 
 4  8  8  5  8  8  8  8  8  8  8  8  8  8  8  8  8  4  0  0  0  0  0  0 35  0 37  0  0  0  0  0 
 5  4  0  0  5  8  8  8  1  2  2  2  2  2  2 12  0  0  0  0  0  0  0  0  0 13  2  2  2  2  2 12 
 0 13  2  2  2  2 12  0  0  0  0  0  5  8  8  6  9  9  9 10  0  0  0  0  0  0  5  8  8  1  2  2 
 2  2  2  2 12  8  8  8  8 13  2  2 12  0  0  0  0  0  0  0  0  0  0  0  0  0  0  0  0  0  0  5 
 4  8  8  5  8  8  8  8  8  8  8  8  8  8  8  8  8  4  0  0  0  0  0 38 14 36 15 39  0  0  0  0 
 5  4  0  0  5  8  8  8  4  0  0  0  0  0  0  0  0  0  0  0  0  0  0  0  0  0  0  0  0  0  0  0 
 0  0  0  0  0  0  0  0  0  0  0  0  5  8  8  8  8  8  8  4  0  0  0  0  0  0  5  8  8  4  0  0 
 0  0  0  0 47  8  8  8  8 46  0  0  0  0  0  0  0  0  0  0  0  0  0  0  0  0  0  0  0  0  0  5 
 4  8  8 13  2  2  2  2  2  2  2  2  2  2  2  2  2 12  0  0  0  0  0  0  6  9  7  0  0  0  0  0 
 5  4  0  0  5  8  8  8  4  0  0  0  0  0  0  0  0  0  0  0  0  0  0  0  0  0  0  0  0  0  0  0 
 0  0  0  0  0  0  0  0  0  0  0  0  5  8  8  8  8  8  8  4  0  0  0  0  0  0  5  8  8  4  0  0 
 0  0  0  0 47  8  8  8  8 46  0  0  0  0  0  0  0  0  0  0  0  0  0  0  0  0  0  0  0  0  0  5 
 4  8  8  8  8  8  8  8  8  8  8  8  8  8  8  8  8 46  0  0  0  0  0  0  0  0  0  0  0  0  0  0 
13 12  0  0 13  2  2  2 12  0  0  0  0  8  8  0  0  0  0  0 35  0 37  0  0  0  0  0  0  0  0  0 
 0  0  0  0  0  0  0  0  0  0  0  0  5  8  8  8  8  8  8  4  0  0  0  0  0  0  5  8  8  4  0  0 
 0  0  0  0 47  8  8  8  8 46  0  0  0  0  0  0  0  0  0  0  0  0  0  0  0  0  0  0  0  0  0  5 
 4  8  8  8  8  8  8  8  8  8  8  8  8  8  8  8  8 46  0  0  0  0  0  0  0  0  0  0  0  0  0  0 
 0  0  0  0  0  0  0  0  0  0  0  0 11  9  9  9  9  9  9  9 14 36 15  9  9  9  9  9 10  0  0  0 
 0  0  0  0  0  0  0  0  0  0  0  0  5  8  8  8  8  8  8  4  0  0  0  0  0  0  5  8  8  4  0  0 
 0  0 11  9  9  9  9  9  9  9  9  9  9  9  9  9  9  9  9  9  9  9  9  9  9 10  0  0  0  0  0  5 
 4  8  8  8  8  8  8  8  8  8  8  8  8  8  8  8  8 46  0  0  0  0  0  0  0  0  0  0  0  0  0  0 
 0  0  0  0  0  0  0  0  0  0  0  0  5  8  8  8  8  8  8  8  6  9  7  8  8  8  8  8  4  0  0  0 
 0  0  0  0  0  0  0  0  0  0  0  0 13  2  2  2  2  2  2 12  0  0  0  0  0  0  5  8  8  4  0  0 
 0  0  5  8  1  2  2  2  2  2  2  2  2  2  2  2  2  3  8  8  8  8  8  8  8  4  0  0  0  0  0  5 
 6  9  9  9  9  9  9  9  9  9  9  9  9  9  9  9  9 10  0  0  0  0  0  0  0  0  0  0  0  0  0  0 
11 10  0  0 11  9  9 10  0  0  0  0  5  8  8  8  8  8  8  8  8  8  8  8  8  8  8  8  4  0  0  0 
11  9  9  9  9  9  9  9 10  0  0  0  0  0  0  0  0  0  0  0  0  0  0  0  0  0  5  8  8  4  0  0 
 0  0  5  8  4  8  8  8  8  8  8  8  8  8  8  8  8  5  8  8  8  8  8  8  8  4  0  0  0  0  0  5 
 8  8  8  8  8  8  8  8  8  8  8  8  8  8  8  8  8  4  0  0  0  0  0  0  0  0  0  0  0  0  0  0 
 5  4  0  0  5  8  8  4  0  0  0  0  5  8  8  8  8  8  8  8  8  8  8  8  8  8  8  8  4  0  0  0 
 5  1  2  2  2  2  2  3  4  0  0  0  0  0  0  0  0  0  0  0  0  0  0  0  0  0  5  8  8  4  0  0 
 0  0  5  8  4  8  8 55 55 55 55 55 55 55 55  8  8  5  8  8  1  2  2  2  2 12  0  0  0  0  0  5 
 8  8  8  8  8  8  1  2  2  2  2  2  2  2  2  2  2 12  0  0  0  0  0  0  0  0  0  0  0  0  0  0 
 5  4  0  0 13  3  8  4  0  0  0  0 13  2  2  2  2  2  2  2  2  2  2  2  2  2  2  2 12  0  0  0 
 5  4  0  0  0  0  0  5  4  0  0  0  0  0  0  0  0  0  0  0  0  0  0  0  0  0  5  8  8  4  0  0 
 0  0  5  8  4  8  8 11  9  9  9  9  9  9 10  8  8  5  8  8  4  8  8  8  8 46  0  0  0  0  0  5 
 8  8  8  8  8  8  4  8  8  8  8  8  8  8  8  8  8 46  0  0  0  0  0  0  0  0  0  0  0  0  0  0 
 5  4  0  0  0  5  8  4  0  0  0  0  0  0  0  0  0  0  0  0  0  0  0  0  0  0  0  0  0  0  0  0 
 5  4  0  0  0  0  0  5  4  0  0  0  0  0  0  0  0  0  0 38 39  0  0  0  0  0  5  8  8  4  0  0 
 0  0  5  8  4  8  8  5  8  8  8  8  8  8  4  8  8 13  2  2 12  8  8  8  8 46  0  0  0  0  0  5 
 8  8  8  8  8  8  4  8  8  8  8  8  8  8  8  8  8 46  0  0  0  0  0  0  0  0 38  9 39  0  0  0 
13 12  0  0  0  5  8  4  0  0  0  0  0  0  0  0  0  0  0  0  0  0  0  0  0  0  0  0  0  0  0  0 
 5  4  0  0  0  0  0  5  4  0  0  0  0  0  0  0  0  0  0  0  0  0  0  0  0  0  5  8  8  4  0  0 
 0  0  5  8  4  8  8 13  2  2  2  2  3  8  4  8  8  8  8  8  8  8  8 11  9 10  0  0  0  0  0  5 
 8  8  8  8  8  8  4  8  8 11  9  9  9  9  9  9  9 10  0  0  0  0  0  0  0  0  0  0  0  0  0  0 
 0  0  0  0  0  5  8  4  0  0  0  0  0  0  0  0  0  0  0  0  0  0  0  0  0  0  0  0  0  0  0  0 
 5  4  0  0  0  0  0  5  6  9  9  9 10  0  0  0  0  0  0  0  0  0  0  0  0  0  5  8  8  4  0  0 
 0  0  5  8  4  8  8  8  8 46  0  0  5  8  4 55 55 55 55 55 55 55 55  5  8  4  0  0  0  0  0  5 
 8  8  8  8  8  8  4  8  8  5  8  8  8  8  8  8  8  4  0  0  0  0  0  0  0  0  0  0  0  0  0  0 
 0  0  0  0  0  5  8  4  0  0  0  0  0  0  0  0  0  0  0  0  0  0  0  0  0  0  0  0  0  0  0  0 
 5  4  0  0  0  0  0 13  2  2  2  3  4  0  0  0  0  0  0  0  0  0  0  0  0  0  5  8  8  4  0  0 
 0  0  5  8  4 55 55 55 55 46  0  0  5  8  6  9  9  9  9  9  9  9  9  7  8  4  0  0  0  0  0  5 
 8  8  8  8  8  8  4  8  8  5  8  8  8  8  8  8  8  4  0  0  0  0  0  0  0  0  0  0  0  0  0  0 
 0  0  0  0  0  5  8  4  0  0  0  0  0  0  0  0  0  0  0  0  0  0  0  0 11  9  9  9  9  9  9  9 
 7  4  0  0  0  0  0  0  0  0  0  5  4  0  0  0  0  0  0  0  0  0  0  0  0  0  5  8  8  4  0  0 
 0  0  5  8  6  9  9  9  9 10  0  0 13  2  2  2  2  2  2  2  2  2  2  2  2 12  0  0  0  0  0  5 
 8  8  8  8  8  8  4  8  8  5  8  8  8  8  8  8  8  4  0  0  0  0  0  0  0  0  0  0  0  0  0  0 
 0  0  0  0  0  5  8  4  0  0  0  0  0  0  0  0  0  0  0  0  0  0  0  0  5  1  2  2  2  2  2  2 
 2 12  0  0  0  0  0  0  0  0  0 13 12  0  0  0  0 38 39  0  0  0  0  0  0  0  5  8  8  4  0  0 
 0  0 13  2  2  2  2  2  2 12  0  0  0  0  0  0  0  0  0  0  0  0  0  0  0  0  0  0  0  0  0  5 
 8  8  8  8  8  8  4  8  8  5  8  8  8  8  8  8  8  4  0  0  0  0  0  0  0  0 38  9 39  0  0  0 
 0  0  0  0  0  5  8  4  0  0  0  0  0  0  0  0  0  0  0  0  0  0  0  0  5  4  0  0  0  0  0  0 
 0  0  0  0  0  0  0  0  0  0  0  0  0  0  0  0  0  0  0  0  0  0  0  0  0  0  5  8  8  4  0  0 
 0  0  0  0  0  0  0  0  0  0  0  0  0  0  0  0  0  0  0  0  0  0  0  0  0  0  0  0  0  0  0  5 
 8  8  8  8  8  8  4  8  8  5  8  8  8  8  8  8  8  4  0  0  0  0  0  0  0  0  0  0  0  0  0  0 
 0  0  0  0  0 13  2 12  0  0  0  0  0  0  0  0  0  0  0  0  0  0  0  0  5  4  0  0  0  0  0  0 
 0  0  0  0  0  0  0  0  0  0  0  0  0  0  0  0  0  0  0  0  0  0  0  0  0  0  5  8  8  4  0  0 
 0  0  0  0  0  0  0  0  0  0  0  0  0  0  0  0  0  0  0  0  0  0  0  0  0  0  0  0  0  0  0  5 
 8  8  8  8  8  8  4  8  8  5  8  8  8  8  8  8  8  4  0  0  0  0  0  0  0  0  0  0  0  0  0  0 
 0  0  0  0  0  0  0  0  0  0  0 38  9 39  0  0  0  0  0  0  0  0  0  0  5  4  0  0  0  0  0  0 
 0  0  0  0  0  0  0  0  0  0  0  0  0  0  0  0  0  0  0  0  0 38 39  0  0  0  5  8  8  4  0  0 
 0  0  0  0  0  0  0  0  0  0  0  0  0  0  0  0  0  0  0  0  0  0  0  0  0  0  0  0  0  0  0  5 
 8  8  8  8  8  8  4  8  8  5  8  8  8  8  8  8  8  4  0  0  0  0  0  0  0  0  0  0  0  0  0  0 
 0  0  0  0  0  0  0  0  0  0  0  0  0  0  0  0  0  0  0  0  0  0  0  0  5  6  9 10  0  0  0  0 
 0  0  0  0  0  0  0  0  0  0 11  9 10  0  0  0  0  0  0  0  0  0  0  0  0  0  5  8  8  6  9  9 
 9  9  9  9  9  9  9  9  9  9  9  9  9  9  9  9  9 10  0  0 11  9  9  9  9  9  9  9  9  9  9  7 
 8  8  8  8  8  8  4  8  8  5  8  8  8  8  8  8  8  4  0  0  0 38  9 39  0  0  0  0  0  0  0  0 
 0  0  0  0  0  0  0  0  0  0  0  0  0  0  0  0  0  0  0  0  0  0  0  0 13  2  2 12  0  0  0  0 
 0  0  0  0  0  0  0  0  0  0  5  8  4  0  0  0  0  0  0  0  0  0  0  0  0  0  5  8  8  8  8  8 
 8  8  8  8  8  8  8  8  8  8  8  8  8  8  8  8  8  4  0  0  5  8  8  8  8  8  8  8  8  8  8  8 
 8  8  8  8  8  8  4  8  8 13  2  2  3  8  8  8  8  4  0  0  0  0  0  0  0  0  0  0  0  0  0  0 
 0  0  0  0  0 11  9 10  0  0  0  0  0  0  0  0  0  0  0  0  0  0  0  0  0  0  0  0  0  0  0  0 
 0  0  0  0  0  0  0  0  0  0  5  8  4  0  0  0  0  0  0  0  0  0  0  0  0  0  5  8  8  8  8  8 
 8  8  8  8  8  8  8  8  8  8  8  8  8  8  8  8  8  4  0  0  5  8  8  8  8  8  8  8  8  8  8  8 
 8  8  8  8  8  8  4  8  8  8  8  8  5  8  8  8  8  4  0  0  0  0  0  0  0  0  0  0  0  0  0  0 
 0  0  0  0  0  5  8  4  0  0  0  0  0  0  0  0  0  0  0  0  0  0  0  0  0  0  0  0  0  0  0  0 
 0  0  0  0  0  0 35  0 37  0  5  8  6  9  9  9  9  9  9 10  0  0  0  0  0  0 13  2  2  2  2  2 
 2 49  8  8  8  8  8  8  8  8  8  8  8  8  8  8  8  4  0  0  5  8  8  8  8  8  8  8  8  8  8  8 
 8  8  8  8  8  8  4  8 60 61 62  8  5  8  8  8  8  4  0  0  0  0  0  0  0  0  0  0  0  0  0  0 
 0  0  0  0  0  5  8  4  0  0  0  0  0  0  0  0  0  0  0  0  0  0  0  0  0  0  0  0  0  0  0  0 
 0  0 45  9  9  9 14 36 15  9  7  8  8  8  8  8  8  8  8  4  0  0  0  0  0  0  0  0  0  0  0  0 
 0 53 49  8  8  8  8  8  8  8  8  8 50  2  2  2  2 12  0  0  5  8  8  8  8  8  8  8  8  8  8  8 
 8  8  8  8  8  8  4 55 55 55 55 55  5  8  8  8  8  4  0  0  0  0  0  0  0  0  0  0  0  0  0  0 
 0  0  0  0  0  5  8  4  0  0  0  0  0  0  0  0  0  0  0 38  9 39  0  0  0  0  0  0  0  0  0  0 
 0 45 43  8  8  8  4 36  5  8  8  8  8  8  8  8  8  8  8  4  0  0  0  0  0  0  0  0  0  0  0  0 
 0  0 53 49  8  8  8  8  8  8  8 50 52  0  0  0  0  0  0  0  5  8  8  8  8  8  8  8  8  8  8  8 
 8  8  8  8  8  8  6  9  9  9  9  9  7  8  8  8  8  4  0  0  0  0  0  0  0  0  0  0  0  0  0  0 
 0  0  0  0  0  5  8  4  0  0  0  0  0  0  0  0  0  0  0  0  0  0  0  0  0  0  0  0  0  0  0  0 
45 43  8  8  8  8  4 36  5  8  8  8  8  8  8  8  8  8  8  4  0  0  0  0  0  0  0  0  0  0  0  0 
 0  0  0 53 49  8  8  8  8  8 50 52  0  0  0  0  0  0  0  0  5  8  8  8  8  8  8  8  8  8  8  8 
 8  8  8  8  8  8  8  8  8  8  8  8  8  8  8  8  8  4  0  0  0  0  0  0  0  0  0  0  0  0  0  0 
 0  0  0  0  0  5  8  4  0  0  0  0  0  0  0  0  0  0  0  0  0  0  0  0  0  0  0  0  0  0  0 45 
43  8  8  8  8  8  4 36  5  8  8  8  8  8  8  8  8  8  8  4  0  0  0  0  0  0  0  0  0 45  9  9 
40  0  0  0 53  2  2  2  2  2 52  0  0  0  0  0  0  0  0  0  5  8  8  8  8  8  8  8  8  8  8  8 
 8  8  8  8  8  8  8  8  8  8  8  8  8  8  8  8  8  4  0  0  0  0  0  0  0  0  0  0  0  0  0  0 
 0  0  0  0  0  5  8  4  0  0  0  0  0  0  0  0  0  0  0  0  0  0  0  0  0  0  0  0  0  0 45 43 
 8  8  8  8  8  8  4 36  5  8  8  8  8  8  8  8  8  8  8  4  0  0  0  0  0  0  0  0 45 43  8  8 
42 40  0  0  0  0  0  0  0  0  0  0  0  0 45  9  9  9  9  9  7  8  8  8  8  8  8  8  8  8  8  8 
 8  8  8  8  8  8  8  8  8  8  8  8  8  8  8  8  8  4  0  0  0  0  0  0  0  0  0  0  0  0  0  0 
 0  0  0  0  0  5  8  4  0  0  0  0  0  0  0  0  0  0  0  0  0  0  0  0  0  0  0  0  0 45 43  8 
 8  8  8  8  8  8  4 36  5  8  8  8  8  8  8  8  8  8  8  4  0  0  0  0  0  0  0 45 43  8  8  8 
 8 42 40  0  0  0  0  0  0  0  0  0  0 45 43  8  8  8  8  8  8  8  8  8  8  8  8  8  8  8  8  8 
 8  8  8  8  8  8  8  8  8  8  8  8  8  8  8  8  8  6  9  9  9  9  9  9  9  9  9  9  9  9  9  9 
 9  9  9  9  9  7  8  6  9  9  9  9  9  9  9  9  9  9  9  9  9  9  9  9  9  9  9  9  9 43  8  8 
 8  8  8  8  8  8  6  9  7  8  8  8  8  8  8  8  8  8  8  6  9  9  9  9  9  9  9 43  8  8  8  8 
 8  8 42  9  9  9  9  9  9  9  9  9  9 43  8  8  8  8  8  8  8  8  8  8  8  8  8  8  8  8  8  8 
HEALTH
3360 352 25 1
HEALTH
3328 352 25 1
ARMOR
1408 96 25 1
SPAWN
2272 1984 25 1
ARMOR
2880 288 25 1
HEALTH
1216 1696 25 1
BATTERY
3360 1344 25 1
HEALTH
3648 1472 25 1
SPAWN
2976 1024 25 1
SPAWN
1696 1248 25 1
ARMOR
1408 224 25 1
SPAWN
544 352 25 1
SPAWN
1312 608 25 1
SPAWN
800 1152 25 1
TRAILGUN
416 448 25 1
SLUGS
448 448 25 1
BATTERY
448 608 25 1
RAILGUN
416 608 25 1
SHIELD
1856 1664 25 1
HEALTH
320 1856 25 1
HEALTH
288 1856 25 1
HEALTH
256 1856 25 1
HEALTH
512 1056 25 1
HEALTH
512 1024 25 1
HEALTH
448 320 25 1
BATTERY
832 832 25 1
ARMOR
1440 96 25 1
GRENADES
864 1408 25 1
GRENADES
864 1568 25 1
ARMOR
704 1696 25 1
SENSOR
1408 576 25 1
RAILGUN
1440 576 25 1
BATTERY
1472 576 25 1
ARMOR
1440 224 25 1
HEALTH
1792 256 25 1
HEALTH
1024 96 25 1
HEALTH
1088 96 25 1
BATTERY
1376 832 25 1
BATTERY
1376 896 25 1
BATTERY
1376 960 25 1
SPAWN
2016 416 25 1
RAILGUN
1696 1088 25 1
SLUGS
2016 992 25 1
SLUGS
1984 992 25 1
ARMOR
2656 928 25 1
HEALTH
2496 448 25 1
HEALTH
2560 448 25 1
HEALTH
2624 448 25 1
ARMOR
2720 928 25 1
SLUGS
2208 576 25 1
SLUGS
2144 576 25 1
GRENADES
1856 576 25 1
GRENADES
1920 576 25 1
SPAWN
3712 384 25 1
HEALTH
3904 608 25 1
HEALTH
3904 640 25 1
HEALTH
3904 672 25 1
SHIELD
4032 64 25 1
RAILGUN
3744 512 25 1
BATTERY
3776 512 25 1
ARMOR
3520 960 25 1
ARMOR
3552 960 25 1
LAUNCHER
3328 576 25 1
GRENADES
3360 576 25 1
HEALTH
3712 1472 25 1
HEALTH
3680 1472 25 1
HEALTH
3616 1472 25 1
CAP
3328 1344 25 1
BATTERY
3392 1344 25 1
BATTERY
3424 1344 25 1
BATTERY
3456 1344 25 1
BATTERY
3488 1344 25 1
BATTERY
1408 1632 25 1
GRENADES
1664 1824 25 1
ARMOR
2848 288 25 1
ARMOR
2912 288 25 1
BATTERY
1696 1056 25 1
